or reflectitur ι
vm· rm·
lue· lm·

Lampas Argandica. 21,25 10,18 18,00 20,50

1175 11,13 12,87 8,12 7,87 7,75 10,00 0,00 10,75 1037
πῖ 1863 18,12 10,25 10,62 10,οῚ

Cylindrus calidus 21125 22,25 3150 1125 12,12 12,00 13,75 12,75 16,οῚ 15,12 18,75 18,75 2207

“ . 25 50 20,50 24:25 ²⁴5⁰ 28,00 2875 17,12 24,θο 21,50 10,00 18ἆ25 0825

, 5050 27,87 2025 27,75 18,75 2050 22,75 21,00 2850 7250

lampa Argandiea. 5,50 10,75 21,25 25,οθ 22,75 21,00 2140022400 25,0018,7530,10,00·ἡι,·*,80010,5 14⁹⁰ 7,80 5,10 7,οὅ

-10,12 00711,7512,3710,2510,2510,071057Ι1,0011,7518,7510500 0,11,00 135⁰ 1,75 2,50 2,75 m

1115155515οῆ1.115011,οΊ165010,0015,8718,1112,8716,7514,2527,5012,5010,5 1,51 2,00 1,75 825 3,00 1,(10

 

